	acebutolol : 
1978, 441307, 36816, 133410, 539325, 626214, 50894, 146879

	acenocoumarol : 
9052

	acidetienilique : 


	amiodarone : 
2157, 29770, 441325, 45038159, 45038158, 49849436, 164007

	aprindine : 
2218, 71413, 6429750, 6429749, 42614134

	benzarone : 
255968

	bepridil : 
2351, 91725, 50088, 44140551

	captopril : 
44093, 44146831, 163066, 159328, 194813, 194814, 44148746, 551045, 5379278, 6424881, 447055, 259617, 193449

	cibenzoline : 
2747, 57952

	dihydralazine : 
10230, 81764, 198456, 193444, 162111

	diltiazem : 
62920, 39186, 3037122, 168918, 6429751, 49849633, 49849631, 3035956, 3035520, 49849632

	disopyramide : 
3114, 30928, 107858, 3041677, 6429752

	flecaeine : 


	flecaeinide : 


	hydralazine : 
3637, 9351, 41772, 9576792, 81764, 193444, 9576791, 24847841, 24847778, 146280, 24847840, 10230

	labetalol : 
3869, 71412, 134044, 636407, 623235, 631990, 3046033, 630619, 547617, 633402, 134043, 12595691, 12595690, 24847769

	lisinopril : 
5362119, 5362118, 44147212, 3083138, 3033886, 45039659, 49849762, 16122646, 24847834

	methyldopa : 
4138, 38853, 38852, 17276, 44154799, 88132, 24848078, 9307, 3083659, 721860, 88126, 491472, 34359, 491471, 28934, 47654, 546688, 612339, 25202646, 24847837, 1670, 192044, 441291, 38101, 2563

	mexiletine : 
4178, 21467, 6429766, 6429765, 6429763, 567741, 6429764, 6429767, 104378, 44724350, 197617, 185376, 180621

	nifedipine : 
4485, 63011, 128753, 529925, 49849383, 45040023, 49849382, 461539, 489226, 486145, 261529, 89082, 173322, 6604881, 2303

	papaverine : 
4680, 6084, 83861, 23310958, 83890, 46174074, 22176, 204805, 5361178, 3082994, 83892, 100249, 83856, 234847, 22175, 22944, 83869, 50896849, 241621, 100248, 5418, 24190020, 25079039, 24840907, 18519

	perhexiline : 
4746, 5284439

	procaeinamide : 


	propafenone : 
36708, 4932, 6429768, 6429771, 6429770, 184822, 6429769, 107927

	pyricarbate : 
4990

	quinidine : 
441074, 5953, 5768, 1065, 64640, 3032576, 64642, 3036746, 5748152, 637552, 12948, 667449, 667448, 441073, 10448938, 9967055, 6604605, 6602154, 7048767, 6916036, 6916033, 6857801, 6453100, 5484450, 5484444, 5320868, 5320867, 5317112, 5317111, 3034034, 3000825, 2728270, 94175, 25522, 8549, 9916632, 64644, 64641, 94328, 15474, 11069, 656862, 39365, 2757, 55309, 64669, 50979, 64639, 160093, 3069838, 101744, 24867529, 23424040, 52511, 24671, 441327, 585740, 486146, 6432850, 6432851, 16219921, 10065847, 90454, 581095, 16746589, 16219922, 23424038, 22817455, 45479759, 266124, 64643, 6432849, 3085019, 46174107

	streptokinase : 
9815560

	suloctidil : 
5354, 9884251, 657255, 23725032

	ticlopidine : 
5472, 65335, 657310

	verapamil : 
62969, 2520, 5748292, 6429774, 6429757, 6429756, 104972, 5312288, 492231, 461538, 92305, 486141, 12249889, 155002, 16220090, 24847846, 170014, 65808, 119442, 76742, 1234, 91657, 39214

